0.70147       0.598599      

0.685561      0.646917      

0.676601      0.686147      

0.674221      0.719181      

0.677717      0.748163      

0.68628       0.77467       

0.699108      0.799855      

0.715465      0.824556      

0.734716      0.849364      

0.756155      0.874411      

0.779283      0.899624      

0.803643      0.924654      

0.828991      0.949068      

0.855013      0.972042      

0.881217      0.992408      

0.906666      1.00868       

0.929537      1.01914       

0.946586      1.02202       

0.953164      1.01573       

0.945558      0.999888      

0.924584      0.976589      

0.89457       0.949108      

0.859713      0.919926      

0.822691      0.890493      

0.784901      0.861597      

0.746996      0.833662      

0.709373      0.806986      

0.672354      0.781811      

0.63618       0.758299      

0.601015      0.736526      

0.566975      0.716506      

0.534161      0.698204      

0.502673      0.681554      

0.472624      0.666468      

0.444149      0.652848      

0.417406      0.64059       

0.392575      0.629596      

0.369856      0.619774      

0.349462      0.611048      

0.331611      0.603352      

0.316518      0.596635      

0.304386      0.59085       

0.295396      0.585955      

0.2897        0.581898      

0.28742       0.578611      

0.288642      0.576001      

0.293424      0.573936      

0.301799      0.572237      

0.313785      0.570663      

0.329406      0.568891      

0.348705      0.566487      

0.371766      0.562866      

0.398732      0.557221      

0.429808      0.548432      

0.465236      0.534917      

0.505213      0.514435      

0.549677      0.483833      

0.597859      0.438775      

0.647441      0.373634      

0.693223      0.281967      

