0             0             0             

0.0649941     -0.000955216  -0.0293918    

0.131577      -0.00328074   -0.0404331    

0.199662      -0.00594215   -0.0377057    

0.269298      -0.00812125   -0.0248599    

0.340583      -0.00917608   -0.00473257   

0.413626      -0.00859942   0.0205216     

0.488526      -0.0059833    0.0493066     

0.565362      -0.000990327  0.0804754     

0.644191      0.00666854    0.113232      

0.725027      0.017247      0.147019      

0.807839      0.0309692     0.181402      

0.892549      0.0480254     0.215977      

0.979043      0.0685632     0.250285      

1.06715       0.0926648     0.283722      

1.15666       0.120313      0.31549       

1.24725       0.15135       0.344638      

1.33853       0.185439      0.370239      

1.4299        0.222041      0.391791      

1.52054       0.260443      0.409666      

1.60946       0.299878      0.425189      

1.69576       0.33973       0.440047      

1.77885       0.379647      0.455629      

1.85842       0.419487      0.472833      

1.93429       0.459234      0.492205      

2.00641       0.49893       0.514118      

2.07474       0.538643      0.53888       

2.13926       0.578454      0.566769      

2.19998       0.618444      0.598043      

2.25691       0.658698      0.632934      

2.31005       0.69929       0.671652      

2.35942       0.740285      0.714375      

2.40501       0.78173       0.761244      

2.44682       0.823653      0.812353      

2.48482       0.86606       0.867737      

2.51902       0.908935      0.927365      

2.54939       0.95224       0.991132      

2.57591       0.995915      1.05885       

2.59859       1.03988       1.13026       

2.61743       1.08405       1.205         

2.63244       1.12831       1.28264       

2.64365       1.17255       1.36267       

2.6511        1.21668       1.44452       

2.65483       1.26057       1.52753       

2.65489       1.30414       1.61102       

2.65136       1.34729       1.69422       

2.64428       1.38992       1.77632       

2.63374       1.43198       1.85647       

2.61982       1.47339       1.93373       

2.60261       1.51412       2.00713       

2.58226       1.55415       2.07555       

2.55889       1.59349       2.13778       

2.53273       1.6322        2.19238       

2.50403       1.67041       2.23766       

2.47313       1.70833       2.27155       

2.44051       1.74623       2.29146       

2.40681       1.78449       2.29409       

2.37298       1.82355       2.27528       

2.34032       1.86379       2.22983       

2.31067       1.90533       2.1516        

